AS-RouteViews   0.987 0.571 0.571 0.049
ATP-GR-QC       0.902 0.253 0.221 0.582
Bio-Proteins    0.847 0.641 0.641 0.072
Email-Inside    0.999 0.772 0.772 0.257
CA-GR-QC        0.999 0.245 0.245 0.691
AS-Newman       0.954 0.594 0.594 0.019
Blog-Nat05-6m   0.999 0.569 0.502 0.221
Blog-Nat06all   0.999 0.578 0.517 0.221
CA-Hep-Ph       0.999 0.437 0.437 0.484
CA-Hep-Th       0.999 0.271 0.271 0.587
Cit-Hep-Ph      0.994 0.439 0.355 0.526
Cit-Hep-Th      0.990 0.440 0.347 0.538
Epinions        0.999 0.532 0.480 0.129
Gnutella-25     0.746 0.496 0.654 0.183
Gnutella-30     0.753 0.489 0.632 0.178
Delicious       0.999 0.327 0.348 0.391
Answers         0.994 0.384 0.414 0.249
CA-DBLP         0.999 0.307 0.307 0.574
Flickr          0.999 0.474 0.485 0.144
Web-Notredame   0.999 0.414 0.453 0.229

